%YAML:1.0
aruco_bc_dict: ARUCO_MIP_36h12
aruco_bc_nmarkers: 11
aruco_bc_mInfoType: 1
aruco_bc_markers:
   - { id:6, corners:[ [ -1.8419593572616577e-01,
       -1.7375922203063965e-01, 1.3405657373368740e-02 ], [
       -1.8062630295753479e-01, -1.5523432195186615e-01,
       -9.9199833348393440e-03 ], [ -1.5095716714859009e-01,
       -1.5953218936920166e-01, -8.7928762659430504e-03 ], [
       -1.5452679991722107e-01, -1.7805708944797516e-01,
       1.4532764442265034e-02 ] ] }
   - { id:7, corners:[ [ -4.1901966929435730e-01, 9.0268932282924652e-02,
       -4.3145768344402313e-02 ], [ -4.3366178870201111e-01,
       6.4185649156570435e-02, -4.5441512018442154e-02 ], [
       -4.5982488989830017e-01, 7.8865043818950653e-02,
       -4.5355997979640961e-02 ], [ -4.4518277049064636e-01,
       1.0494832694530487e-01, -4.3060254305601120e-02 ] ] }
   - { id:11, corners:[ [ 1.3803324103355408e-01,
       -2.4135690927505493e-01, -2.6666264981031418e-02 ], [
       1.1944538354873657e-01, -2.6487749814987183e-01,
       -2.7794707566499710e-02 ], [ 9.5917806029319763e-02,
       -2.4626746773719788e-01, -2.8141461312770844e-02 ], [
       1.1450566351413727e-01, -2.2274687886238098e-01,
       -2.7013018727302551e-02 ] ] }
   - { id:110, corners:[ [ 2.4381478130817413e-01,
       -1.0673405230045319e-01, -2.1537605673074722e-02 ], [
       2.6796156167984009e-01, -1.2453518062829971e-01,
       -2.1308019757270813e-02 ], [ 2.5019726157188416e-01,
       -1.4865337312221527e-01, -2.2964008152484894e-02 ], [
       2.2605046629905701e-01, -1.3085225224494934e-01,
       -2.3193594068288803e-02 ] ] }
   - { id:132, corners:[ [ 1.0929284989833832e-01,
       5.7307556271553040e-03, -2.4811677634716034e-02 ], [
       7.9315431416034698e-02, 6.3046813011169434e-03,
       -2.5824006646871567e-02 ], [ 7.9887151718139648e-02,
       3.6299139261245728e-02, -2.5748878717422485e-02 ], [
       1.0986457020044327e-01, 3.5725213587284088e-02,
       -2.4736549705266953e-02 ] ] }
   - { id:154, corners:[ [ -2.5501495599746704e-01,
       3.2822541892528534e-02, -9.9231079220771790e-03 ], [
       -2.5493505597114563e-01, 6.2811926007270813e-02,
       -1.0717239230871201e-02 ], [ -2.2500744462013245e-01,
       6.2787346541881561e-02, -8.6344424635171890e-03 ], [
       -2.2508734464645386e-01, 3.2797962427139282e-02,
       -7.8403111547231674e-03 ] ] }
   - { id:168, corners:[ [ -3.0774645507335663e-02,
       -1.9219444692134857e-01, 1.9457262009382248e-02 ], [
       -2.8663091361522675e-02, -1.7093992233276367e-01,
       -1.6089687123894691e-03 ], [ 1.2610489502549171e-03,
       -1.7264787852764130e-01, -3.3277738839387894e-04 ], [
       -8.5050333291292191e-04, -1.9390240311622620e-01,
       2.0733453333377838e-02 ] ] }
   - { id:209, corners:[ [ -5.2017706632614136e-01,
       -8.0858021974563599e-02, -5.0692938268184662e-02 ], [
       -5.3028488159179688e-01, -1.0902293771505356e-01,
       -5.2830506116151810e-02 ], [ -5.5850774049758911e-01,
       -9.8860621452331543e-02, -5.3274542093276978e-02 ], [
       -5.4839992523193359e-01, -7.0695705711841583e-02,
       -5.1136974245309830e-02 ] ] }
   - { id:226, corners:[ [ -3.3805179595947266e-01,
       -1.6789217293262482e-01, 7.9786274582147598e-03 ], [
       -3.3635306358337402e-01, -1.4640861749649048e-01,
       -1.2891722843050957e-02 ], [ -3.0642998218536377e-01,
       -1.4854191243648529e-01, -1.2652091681957245e-02 ], [
       -3.0812871456146240e-01, -1.7002546787261963e-01,
       8.2182586193084717e-03 ] ] }
   - { id:244, corners:[ [ -1.4999999664723873e-02,
       1.4999999664723873e-02, 0. ], [ 1.4999999664723873e-02,
       1.4999999664723873e-02, 0. ], [ 1.4999999664723873e-02,
       -1.4999999664723873e-02, 0. ], [ -1.4999999664723873e-02,
       -1.4999999664723873e-02, 0. ] ] }
   - { id:249, corners:[ [ 3.1847682595252991e-01,
       -4.3192401528358459e-02, -1.6888950020074844e-02 ], [
       2.8956341743469238e-01, -5.1070701330900192e-02,
       -1.8284728750586510e-02 ], [ 2.8166171908378601e-01,
       -2.2132039070129395e-02, -1.7942637205123901e-02 ], [
       3.1057512760162354e-01, -1.4253739267587662e-02,
       -1.6546858474612236e-02 ] ] }
